1  0.1  0.1256  0.256  0.117  0.17  0.1104  0.104 
2  0.2  0.188  -0.060  0.176  -0.120  0.239  0.195 
3  0.5  0.488  -0.0024  0.459  -0.0082  0.591  0.182 
4  0.2  0.267  0.335  0.2107  0.0535  0.2436  0.118 
5  0.2  0.249  0.4965  0.3977  0.9885  0.1008  -0.496 
6  0.5  0.515  0.030  0.3975  -0.205  0.4487  -0.1026 
7  0.2  0.1974  -0.013  0.1975  -0.0125  0.1818  -0.091 
8  0.1  0.1567  0.567  0.2342  1.3415  0.1673  0.6733 
9  0.2  0.1818  -0.091  0.2084  0.042  0.1726  -0.137 
10  0.8  0.7879  -0.0151  0.7594  -0.0508  0.8905  0.1131 
11  0.2  0.2409  -0.2045  0.2012  0.006  0.2236  0.118 
12  0.2  0.2993  0.4965  0.3977  0.9885  0.2992  0.496 
13  0.5  0.502  0.004  0.3975  -0.205  0.4370  -0.126 
14  0.2  0.1747  -0.1265  0.1975  -0.0125  0.1818  -0.091 
15  0.2  0.3379  0.6895  0.2875  0.4375  0.2170  0.0848 
16  0.2  0.2381  0.1905  0.2275  0.1375  0.2432  0.216 
